    0             10.00000000                0.00000000
    1             14.76508141                0.00000000
    2             21.80076599                0.00000000
    3             32.18900681                0.00000000
    4             47.52733231                0.00000000
    5             70.17449951                0.00000000
    6            103.61322021                0.00000000
    7            152.98576355                0.00000000
    8            225.88471985                0.00000000
    9            333.52066040                0.00000000
   10            492.44598389                0.00000000
   11            701.24389648                0.00000000
   12            974.23699951                0.00000000
   13           1320.52050781                0.00000000
   14           1746.26721191                0.00000000
   15           2253.00048828                0.00000000
   16           2835.93896484                0.00000000
   17           3482.71142578                0.00000000
   18           4190.54492188                0.00000000
   19           4943.69433594                0.00000000
   20           5718.21777344                0.00000000
   21           6484.81835938                0.00000000
   22           7210.45947266                0.00000000
   23           7860.60742188                0.00000000
   24           8528.64746094                0.00000000
   25           9253.46093750                0.00000000
   26          10039.87304688                0.00000000
   27          10893.12011719                0.00000000
   28          11818.88085938                0.00000000
   29          12823.31835938                0.00000000
   30          13913.11718750                0.00000000
   31          15095.53515625                0.00000000
   32          16378.44042969                0.00000000
   33          17770.37500000                0.00000000
   34          17938.58203125                0.01342023
   35          17567.59375000                0.03351590
   36          17165.07421875                0.05531943
   37          16728.34570312                0.07897595
   38          16254.50292969                0.10464294
   39          15740.38964844                0.13249126
   40          15182.58496094                0.16270627
   41          14577.37500000                0.19548912
   42          13920.73046875                0.23105806
   43          13208.28027344                0.26964986
   44          12435.28222656                0.31152144
   45          11596.58984375                0.35695148
   46          10711.27343750                0.40490705
   47           9822.85253906                0.45303077
   48           8945.93847656                0.50053114
   49           8101.28320312                0.54628420
   50           7285.16943359                0.59049124
   51           6508.35205078                0.63256967
   52           5781.51171875                0.67194098
   53           5115.01806641                0.70804340
   54           4518.68750000                0.74034524
   55           4001.53808594                0.76835799
   56           3571.56616211                0.79164857
   57           3221.49462891                0.81061113
   58           2911.98608398                0.82737654
   59           2609.50268555                0.84376138
   60           2314.52685547                0.85973960
   61           2027.53564453                0.87528527
   62           1748.99621582                0.89037311
   63           1479.36633301                0.90497828
   64           1219.09509277                0.91907656
   65            968.62036133                0.93264425
   66            728.36743164                0.94565821
   67            498.74667358                0.95809621
   68            280.15194702                0.96993697
   69             72.96169281                0.98116004
   70              0.00000000                0.99052101
   71              0.00000000                0.99699289
   72              0.00000000                1.00000000
