    0           1000.00000000                0.00000000
    1           2000.00000000                0.00000000
    2           3000.00000000                0.00000000
    3           5000.00000000                0.00000000
    4           7000.00000000                0.00000000
    5          10000.00000000                0.00000000
    6          15000.00000000                0.00000000
    7          20000.00000000                0.00000000
    8          25000.00000000                0.00000000
    9          30000.00000000                0.00000000
   10          40000.00000000                0.00000000
   11          50000.00000000                0.00000000
   12          60000.00000000                0.00000000
   13          70000.00000000                0.00000000
   14          85000.00000000                0.00000000
   15          92500.00000000                0.00000000
   16         100000.00000000                0.00000000
