    0            225.52395630                0.00000000
    1            503.16918945                0.00000000
    2           1015.79473877                0.00000000
    3           1855.53173828                0.00000000
    4           3066.91235352                0.00000000
    5           4586.74755859                0.00000000
    6           6332.34814453                0.00000000
    7           8070.14160156                0.00000000
    8           9494.10449219                0.00000000
    9          11169.32128906                0.00000000
   10          13140.12695312                0.00000000
   11          15458.68066406                0.00000000
   12          18186.33593750                0.00000000
   13          17459.79882812                0.03935483
   14          16605.06640625                0.08565376
   15          15599.51562500                0.14012206
   16          14416.54101562                0.20420118
   17          13024.83105469                0.27958691
   18          11387.55664062                0.36827436
   19           9461.38574219                0.47261056
   20           7534.44531250                0.57698852
   21           5765.89404297                0.67278695
   22           4273.46386719                0.75362843
   23           3164.26782227                0.81371099
   24           2522.12182617                0.84849465
   25           1919.67370605                0.88112789
   26           1361.80273438                0.91134644
   27            853.10888672                0.93890125
   28            397.88180542                0.96355981
   29              0.00000000                0.98511219
   30              0.00000000                1.00000000
